 6.11010000e+00 1.75920000e+01
 5.52770000e+00 9.13020000e+00
 8.51860000e+00 1.36620000e+01
 7.00320000e+00 1.18540000e+01
 5.85980000e+00 6.82330000e+00
 8.38290000e+00 1.18860000e+01
 7.47640000e+00 4.34830000e+00
 8.57810000e+00 1.20000000e+01
 6.48620000e+00 6.59870000e+00
 5.05460000e+00 3.81660000e+00
 5.71070000e+00 3.25220000e+00
 1.41640000e+01 1.55050000e+01
 5.73400000e+00 3.15510000e+00
 8.40840000e+00 7.22580000e+00
 5.64070000e+00 7.16180000e-01
 5.37940000e+00 3.51290000e+00
 6.36540000e+00 5.30480000e+00
 5.13010000e+00 5.60770000e-01
 6.42960000e+00 3.65180000e+00
 7.07080000e+00 5.38930000e+00
 6.18910000e+00 3.13860000e+00
 2.02700000e+01 2.17670000e+01
 5.49010000e+00 4.26300000e+00
 6.32610000e+00 5.18750000e+00
 5.56490000e+00 3.08250000e+00
 1.89450000e+01 2.26380000e+01
 1.28280000e+01 1.35010000e+01
 1.09570000e+01 7.04670000e+00
 1.31760000e+01 1.46920000e+01
 2.22030000e+01 2.41470000e+01
 5.25240000e+00 -1.22000000e+00
 6.58940000e+00 5.99660000e+00
 9.24820000e+00 1.21340000e+01
 5.89180000e+00 1.84950000e+00
 8.21110000e+00 6.54260000e+00
 7.93340000e+00 4.56230000e+00
 8.09590000e+00 4.11640000e+00
 5.60630000e+00 3.39280000e+00
 1.28360000e+01 1.01170000e+01
 6.35340000e+00 5.49740000e+00
 5.40690000e+00 5.56570000e-01
 6.88250000e+00 3.91150000e+00
 1.17080000e+01 5.38540000e+00
 5.77370000e+00 2.44060000e+00
 7.82470000e+00 6.73180000e+00
 7.09310000e+00 1.04630000e+00
 5.07020000e+00 5.13370000e+00
 5.80140000e+00 1.84400000e+00
 1.17000000e+01 8.00430000e+00
 5.54160000e+00 1.01790000e+00
 7.54020000e+00 6.75040000e+00
 5.30770000e+00 1.83960000e+00
 7.42390000e+00 4.28850000e+00
 7.60310000e+00 4.99810000e+00
 6.33280000e+00 1.42330000e+00
 6.35890000e+00 -1.42110000e+00
 6.27420000e+00 2.47560000e+00
 5.63970000e+00 4.60420000e+00
 9.31020000e+00 3.96240000e+00
 9.45360000e+00 5.41410000e+00
 8.82540000e+00 5.16940000e+00
 5.17930000e+00 -7.42790000e-01
 2.12790000e+01 1.79290000e+01
 1.49080000e+01 1.20540000e+01
 1.89590000e+01 1.70540000e+01
 7.21820000e+00 4.88520000e+00
 8.29510000e+00 5.74420000e+00
 1.02360000e+01 7.77540000e+00
 5.49940000e+00 1.01730000e+00
 2.03410000e+01 2.09920000e+01
 1.01360000e+01 6.67990000e+00
 7.33450000e+00 4.02590000e+00
 6.00620000e+00 1.27840000e+00
 7.22590000e+00 3.34110000e+00
 5.02690000e+00 -2.68070000e+00
 6.54790000e+00 2.96780000e-01
 7.53860000e+00 3.88450000e+00
 5.03650000e+00 5.70140000e+00
 1.02740000e+01 6.75260000e+00
 5.10770000e+00 2.05760000e+00
 5.72920000e+00 4.79530000e-01
 5.18840000e+00 2.04210000e-01
 6.35570000e+00 6.78610000e-01
 9.76870000e+00 7.54350000e+00
 6.51590000e+00 5.34360000e+00
 8.51720000e+00 4.24150000e+00
 9.18020000e+00 6.79810000e+00
 6.00200000e+00 9.26950000e-01
 5.52040000e+00 1.52000000e-01
 5.05940000e+00 2.82140000e+00
 5.70770000e+00 1.84510000e+00
 7.63660000e+00 4.29590000e+00
 5.87070000e+00 7.20290000e+00
 5.30540000e+00 1.98690000e+00
 8.29340000e+00 1.44540000e-01
 1.33940000e+01 9.05510000e+00
 5.43690000e+00 6.17050000e-01
